23
4 4
0.000000 0.000000 0.162955
0.000000 1.000000 1.000000
0.000000 0.000000 1.000000
0.209259 0.321459 0.669480
3 3 1 2
3 3 2 0
3 1 3 0
3 1 0 2
5 6
0.000000 0.000000 0.162955
0.000000 0.000000 0.000000
0.000000 1.000000 0.000000
0.442931 0.684102 0.000000
0.457277 0.370734 0.207050
3 3 1 2
3 3 2 0
3 0 4 3
3 3 4 1
3 4 0 1
3 1 0 2
5 6
0.000000 1.000000 0.000000
0.457277 0.370734 0.207050
0.442931 0.684102 0.000000
0.386094 0.774953 0.451135
0.818883 0.790044 0.259689
3 2 1 0
3 3 1 2
3 3 4 0
3 4 3 2
3 0 4 2
3 1 3 0
5 6
0.000000 1.000000 0.000000
0.000000 1.000000 1.000000
0.327662 0.749968 0.639574
0.359502 1.000000 0.683789
0.386094 0.774953 0.451135
3 3 1 2
3 3 2 4
3 0 3 4
3 0 4 2
3 1 3 0
3 1 0 2
6 8
0.408230 0.520129 0.794040
1.000000 0.000000 1.000000
1.000000 0.520074 0.611486
1.000000 1.000000 1.000000
0.000000 0.000000 1.000000
0.371010 0.000000 0.808202
3 3 1 2
3 3 2 0
3 0 5 4
3 1 4 5
3 1 5 0
3 3 4 1
3 4 3 0
3 1 0 2
5 6
0.000000 0.000000 1.000000
0.408230 0.520129 0.794040
0.371010 0.000000 0.808202
0.209259 0.321459 0.669480
0.000000 0.000000 0.162955
3 3 0 1
3 3 1 2
3 3 4 0
3 3 2 4
3 0 4 2
3 1 0 2
6 8
0.408230 0.520129 0.794040
0.327662 0.749968 0.639574
0.359502 1.000000 0.683789
1.000000 1.000000 1.000000
0.000000 1.000000 1.000000
0.000000 0.000000 1.000000
3 2 1 0
3 0 4 2
3 3 2 4
3 0 5 4
3 5 0 3
3 3 4 5
3 0 1 3
3 3 1 2
4 4
0.000000 1.000000 1.000000
0.408230 0.520129 0.794040
0.327662 0.749968 0.639574
0.359502 1.000000 0.683789
3 3 2 0
3 0 2 1
3 3 1 2
3 1 3 0
7 10
0.000000 0.000000 0.162955
0.000000 1.000000 0.000000
0.000000 1.000000 1.000000
0.209259 0.321459 0.669480
0.327662 0.749968 0.639574
0.457277 0.370734 0.207050
0.442931 0.684102 0.000000
3 2 0 3
3 2 4 1
3 3 4 2
3 3 1 4
3 6 0 1
3 6 1 5
3 0 6 5
3 0 5 3
3 3 5 1
3 1 0 2
4 4
0.000000 1.000000 0.000000
0.457277 0.370734 0.207050
0.386094 0.774953 0.451135
0.209259 0.321459 0.669480
3 1 0 2
3 1 2 3
3 2 0 3
3 3 0 1
8 12
0.000000 1.000000 0.000000
0.386094 0.774953 0.451135
0.327662 0.749968 0.639574
0.209259 0.321459 0.669480
0.408230 0.520129 0.794040
0.000000 1.000000 1.000000
0.000000 0.000000 1.000000
0.457277 0.370734 0.207050
3 0 2 1
3 3 2 0
3 3 6 5
3 3 4 6
3 4 5 6
3 3 5 2
3 5 4 2
3 7 4 3
3 7 3 1
3 7 1 4
3 4 1 2
3 1 3 0
4 4
0.457277 0.370734 0.207050
0.000000 0.000000 0.000000
0.442931 0.684102 0.000000
1.000000 0.000000 0.000000
3 2 1 0
3 3 1 2
3 3 2 0
3 1 3 0
6 8
0.818883 0.790044 0.259689
0.442931 0.684102 0.000000
1.000000 1.000000 0.000000
1.000000 0.560012 0.000000
1.000000 0.520074 0.611486
0.000000 1.000000 0.000000
3 3 0 1
3 3 4 0
3 3 2 4
3 0 4 2
3 3 1 2
3 2 5 0
3 5 2 1
3 5 1 0
7 10
0.359502 1.000000 0.683789
1.000000 1.000000 1.000000
0.818883 0.790044 0.259689
1.000000 1.000000 0.000000
1.000000 0.520074 0.611486
0.327662 0.749968 0.639574
0.408230 0.520129 0.794040
3 3 2 0
3 3 1 2
3 1 3 0
3 2 4 0
3 1 6 4
3 6 1 5
3 6 5 4
3 4 5 0
3 1 0 5
3 4 2 1
4 4
1.000000 1.000000 1.000000
1.000000 0.520074 0.611486
0.818883 0.790044 0.259689
1.000000 1.000000 0.000000
3 2 3 1
3 3 2 0
3 1 3 0
3 1 0 2
5 6
0.386094 0.774953 0.451135
0.359502 1.000000 0.683789
0.818883 0.790044 0.259689
1.000000 1.000000 0.000000
1.000000 0.520074 0.611486
3 3 2 0
3 3 1 2
3 1 3 0
3 2 1 4
3 2 4 0
3 1 0 4
5 6
0.386094 0.774953 0.451135
0.000000 1.000000 0.000000
0.359502 1.000000 0.683789
1.000000 1.000000 0.000000
0.818883 0.790044 0.259689
3 3 0 4
3 3 4 1
3 0 1 4
3 2 0 3
3 1 0 2
3 3 1 2
4 4
0.371010 0.000000 0.808202
0.408230 0.520129 0.794040
1.000000 0.000000 1.000000
1.000000 0.520074 0.611486
3 2 3 1
3 2 1 0
3 3 0 1
3 3 2 0
10 16
0.457277 0.370734 0.207050
0.408230 0.520129 0.794040
0.371010 0.000000 0.808202
1.000000 0.520074 0.611486
0.209259 0.321459 0.669480
0.386094 0.774953 0.451135
0.818883 0.790044 0.259689
0.442931 0.684102 0.000000
0.327662 0.749968 0.639574
0.359502 1.000000 0.683789
3 4 2 1
3 4 0 2
3 0 4 1
3 0 6 3
3 6 5 3
3 7 6 0
3 5 7 0
3 6 7 5
3 0 1 5
3 1 8 5
3 1 3 8
3 9 5 8
3 9 3 5
3 3 9 8
3 3 1 2
3 3 2 0
8 12
1.000000 0.520074 0.611486
0.457277 0.370734 0.207050
0.818883 0.790044 0.259689
1.000000 0.560012 0.000000
1.000000 0.000000 0.000000
0.442931 0.684102 0.000000
0.371010 0.000000 0.808202
1.000000 0.000000 1.000000
3 3 1 2
3 3 2 0
3 5 1 3
3 4 1 5
3 4 5 3
3 4 3 0
3 0 1 6
3 0 6 7
3 4 0 7
3 6 4 7
3 1 4 6
3 1 0 2
4 4
0.457277 0.370734 0.207050
0.442931 0.684102 0.000000
0.818883 0.790044 0.259689
1.000000 0.560012 0.000000
3 3 1 2
3 3 2 0
3 1 3 0
3 1 0 2
5 6
0.000000 0.000000 0.162955
0.457277 0.370734 0.207050
0.371010 0.000000 0.808202
1.000000 0.000000 0.000000
0.209259 0.321459 0.669480
3 4 0 2
3 4 2 1
3 0 4 1
3 1 2 3
3 3 2 0
3 1 3 0
4 4
0.457277 0.370734 0.207050
0.000000 0.000000 0.162955
0.000000 0.000000 0.000000
1.000000 0.000000 0.000000
3 0 2 1
3 2 0 3
3 0 1 3
3 3 1 2
