0 0.00431383
1 0.00134287
2 0.00107956
3 0.0015834
4 0.00185754
5 0.00899052
6 0.00271991
7 0.000542616
8 0.00387557
9 0.00059038
10 0.000516428
11 0.00118182
12 0.00349241
13 0.00172809
14 0.00342776
15 0.004111
16 0.000555451
17 5.05247e-05
18 0.0014571
19 0.000372802
20 0.00300055
21 0.0043182
22 0.000856005
23 0.00414279
24 0.00136782
25 0.000543473
26 0.0024893
27 0.00300304
28 0.00288146
29 0.00504865
30 0.00454556
31 0.0019106
32 0.00126955
33 0.000506814
34 0.00138425
35 0.0026414
36 0.000424752
37 0.00591488
38 0.0024926
39 0.00343241
40 0.000733944
41 0.00409294
42 0.00913131
43 0.00287687
44 0.000422991
45 0.000879761
46 0.000878304
47 0.000764711
48 0.00144671
49 0.00207292
50 0.00451266
51 0.0016724
52 0.00217701
53 0.000868427
54 0.000547067
55 0.0011463
56 0.00538589
57 0.00669792
58 0.0116899
59 0.00583757
60 0.00641548
61 0.00231778
62 0.000970493
63 0.00252602
64 0.00217959
65 0.00438297
66 0.00203098
67 0.00168327
68 0.00322257
69 0.00246356
70 0.00330095
71 0
72 0.00343113
73 0.000930243
74 0.00211215
75 0.0049974
76 0.000458533
77 0.00195501
78 0.000918422
79 0
80 0.0017675
81 0.000235593
82 0.00414379
83 0.000591203
84 0.00135067
85 0.000880574
86 0.000753765
87 0.00347064
88 0.00414793
89 0.000291239
90 0.00113315
91 0.0018838
92 0.000599099
93 0.00192373
94 0.00813173
95 0.00265514
96 0.00490425
97 0.0010865
98 0.00184925
99 0.00920661
100 0.00746523
101 0.00502302
102 0.00127986
103 0.00771791
104 0.00539328
105 0.00320367
106 0.00646568
107 0.00173334
108 0.000604488
109 0.0091362
110 0.000733677
111 0.00284535
112 0.00177321
113 0.000729145
114 0
115 0.00257747
116 0.00238437
117 0.00066687
118 0.00373934
119 0.000826712
120 0.00171176
121 0.00160742
122 0.00465613
123 0.00210196
124 0.00332995
125 0.00431794
126 0.00435828
127 0.00179199
128 0.00552103
129 0.000518462
130 0.00329414
131 0
132 0.00470322
133 0.00191752
134 0.00378658
135 0.000530424
136 0.000976596
137 0.00118361
138 0
139 0.00959238
140 0.000270328
1362109216141
