141
6 8
0.455452 0.668141 0.542415
0.533782 0.833388 0.590102
0.660272 0.649284 0.730312
0.792404 0.683229 0.395612
0.871309 0.790161 0.554580
0.821149 0.540939 0.542468
3 1 0 2
3 2 4 1
3 4 2 3
3 4 3 1
3 2 0 5
3 3 2 5
3 3 5 0
3 1 3 0
6 8
0.778992 0.164047 0.284021
0.611264 0.332715 0.572637
0.757670 0.000000 0.432279
0.716599 0.367476 0.407382
0.573337 0.000000 0.321226
0.594760 0.286645 0.633760
3 4 1 0
3 4 5 1
3 2 1 5
3 4 2 5
3 0 2 4
3 3 1 2
3 3 2 0
3 3 0 1
4 4
0.778992 0.164047 0.284021
0.573337 0.000000 0.321226
0.611264 0.332715 0.572637
0.716599 0.367476 0.407382
3 1 0 2
3 3 1 2
3 3 2 0
3 1 3 0
5 6
0.000000 0.364542 0.000000
0.213949 0.634094 0.142458
0.238742 0.333845 0.000000
0.321541 0.646117 0.000000
0.000000 0.549688 0.159087
3 4 0 2
3 4 2 1
3 1 0 4
3 3 1 2
3 3 2 0
3 1 3 0
4 4
0.000000 1.000000 1.000000
0.241716 0.792569 1.000000
0.246833 1.000000 0.846126
0.349181 1.000000 1.000000
3 1 0 2
3 3 1 2
3 3 2 0
3 1 3 0
6 8
0.000000 0.604295 0.147606
0.000000 1.000000 0.000000
0.000000 1.000000 0.298498
0.254714 0.822584 0.278995
0.213949 0.634094 0.142458
0.309993 0.670571 0.114824
3 1 0 2
3 3 1 2
3 3 2 0
3 4 0 1
3 5 4 1
3 1 3 5
3 5 3 4
3 4 3 0
10 16
0.181255 0.342401 0.747690
0.000000 0.314665 0.561980
0.000000 0.370617 0.711524
0.000000 0.384602 0.599769
0.000000 0.234637 0.827284
0.280753 0.263110 0.603447
0.266183 0.311611 0.695847
0.000000 0.000000 0.542022
0.155385 0.134550 0.379673
0.229451 0.315007 0.451714
3 1 0 5
3 6 0 4
3 5 0 6
3 5 6 4
3 7 4 1
3 8 7 1
3 9 8 1
3 5 9 1
3 5 8 9
3 8 5 7
3 5 4 7
3 2 4 0
3 4 2 1
3 3 1 2
3 2 0 3
3 1 3 0
5 6
0.181255 0.342401 0.747690
0.000000 0.314665 0.561980
0.000000 0.384602 0.599769
0.280753 0.263110 0.603447
0.266183 0.311611 0.695847
3 1 0 2
3 3 1 2
3 2 0 4
3 3 2 4
3 3 4 0
3 1 3 0
9 14
0.439425 0.122801 0.771063
0.000000 0.234637 0.827284
0.266183 0.311611 0.695847
0.280753 0.263110 0.603447
0.226493 0.342910 0.791742
0.181255 0.342401 0.747690
0.000000 0.000000 0.542022
0.000000 0.000000 1.000000
0.452949 0.000000 0.591572
3 4 1 0
3 1 4 5
3 2 1 5
3 2 5 4
3 2 4 0
3 3 1 2
3 3 2 0
3 0 1 7
3 8 7 6
3 8 6 0
3 7 8 0
3 6 7 1
3 6 3 0
3 3 6 1
5 6
0.366908 0.740636 0.699709
0.421614 0.802317 0.557979
0.411281 0.846621 0.751412
0.533782 0.833388 0.590102
0.660272 0.649284 0.730312
3 1 0 2
3 3 1 2
3 4 0 3
3 4 3 2
3 2 0 4
3 3 0 1
6 8
0.366908 0.740636 0.699709
0.455452 0.668141 0.542415
0.421614 0.802317 0.557979
0.533782 0.833388 0.590102
0.430652 0.580297 0.675369
0.295205 0.635202 0.639039
3 2 1 0
3 3 1 2
3 3 2 0
3 5 1 4
3 0 5 4
3 5 0 1
3 4 3 0
3 1 3 4
5 6
0.430652 0.580297 0.675369
0.455452 0.668141 0.542415
0.533782 0.833388 0.590102
0.660272 0.649284 0.730312
0.366908 0.740636 0.699709
3 1 0 2
3 2 3 1
3 0 4 2
3 3 2 4
3 0 3 4
3 1 3 0
6 8
0.398740 0.225208 0.118149
0.117241 0.234144 0.000000
0.238742 0.333845 0.000000
0.688211 0.101329 0.108521
0.000000 0.000000 0.000000
1.000000 0.000000 0.000000
3 2 1 0
3 4 1 2
3 5 2 3
3 5 3 4
3 2 5 4
3 4 3 1
3 2 0 3
3 3 0 1
4 4
0.000000 0.000000 0.000000
0.117241 0.234144 0.000000
0.398740 0.225208 0.118149
0.688211 0.101329 0.108521
3 1 0 2
3 3 1 2
3 3 2 0
3 0 1 3
5 6
0.660272 0.649284 0.730312
0.871309 0.790161 0.554580
0.821149 0.540939 0.542468
0.792404 0.683229 0.395612
0.861676 0.558345 0.746918
3 4 1 0
3 2 1 4
3 2 4 0
3 3 1 2
3 3 2 0
3 1 3 0
5 6
1.000000 0.150220 1.000000
1.000000 0.216145 0.725589
0.898977 0.595087 1.000000
1.000000 0.619650 0.802392
0.831631 0.243450 1.000000
3 1 0 4
3 2 1 4
3 2 4 0
3 3 1 2
3 3 2 0
3 1 3 0
5 6
0.335168 0.487020 0.171647
0.213949 0.634094 0.142458
0.000000 0.534122 0.191042
0.313975 0.544185 0.206631
0.000000 0.549688 0.159087
3 1 0 4
3 2 1 4
3 2 4 0
3 3 1 2
3 3 2 0
3 3 0 1
11 18
0.363143 0.433290 0.191949
0.335168 0.487020 0.171647
0.238742 0.333845 0.000000
0.000000 0.534122 0.191042
0.000000 0.549688 0.159087
0.213949 0.634094 0.142458
0.229451 0.315007 0.451714
0.117241 0.234144 0.000000
0.155385 0.134550 0.379673
0.000000 0.348748 0.000000
0.000000 0.248807 0.000000
3 1 0 2
3 1 2 5
3 4 5 2
3 5 4 1
3 3 1 4
3 3 4 2
3 2 0 6
3 6 7 2
3 3 2 7
3 8 7 6
3 6 3 8
3 9 7 10
3 8 9 10
3 8 10 7
3 3 9 8
3 9 3 7
3 3 6 0
3 0 1 3
5 6
0.335168 0.487020 0.171647
0.363143 0.433290 0.191949
0.229451 0.315007 0.451714
0.000000 0.534122 0.191042
0.313975 0.544185 0.206631
3 0 2 1
3 3 1 2
3 4 0 3
3 4 3 2
3 4 2 0
3 1 3 0
7 10
0.439425 0.122801 0.771063
0.000000 0.000000 0.542022
0.280753 0.263110 0.603447
0.452949 0.000000 0.591572
0.155385 0.134550 0.379673
0.429625 0.300499 0.671282
0.266183 0.311611 0.695847
3 1 0 2
3 4 1 2
3 3 4 2
3 4 3 1
3 0 5 6
3 2 0 6
3 6 5 2
3 3 2 5
3 0 3 5
3 3 0 1
6 8
0.155385 0.134550 0.379673
0.320731 0.129306 0.245711
0.363143 0.433290 0.191949
0.229451 0.315007 0.451714
0.516731 0.297003 0.249437
0.398740 0.225208 0.118149
3 1 0 2
3 4 2 3
3 4 3 1
3 5 1 2
3 4 5 2
3 5 4 1
3 3 2 0
3 1 3 0
5 6
0.000000 1.000000 0.298498
0.000000 0.604295 0.147606
0.254714 0.822584 0.278995
0.000000 0.724143 0.480086
0.213949 0.634094 0.142458
3 2 1 0
3 4 1 2
3 3 4 2
3 4 3 1
3 3 2 0
3 1 3 0
7 10
0.461841 1.000000 0.175362
0.309993 0.670571 0.114824
0.254714 0.822584 0.278995
0.502576 0.882239 0.000000
0.318677 0.885937 0.300951
0.000000 1.000000 0.000000
0.321541 0.646117 0.000000
3 4 1 0
3 2 1 4
3 2 4 0
3 5 1 2
3 3 5 2
3 6 1 5
3 3 6 5
3 6 3 1
3 3 2 0
3 3 0 1
5 6
0.000000 1.000000 0.000000
0.461841 1.000000 0.175362
0.254714 0.822584 0.278995
0.502576 0.882239 0.000000
0.318677 0.885937 0.300951
3 1 0 4
3 2 1 4
3 2 4 0
3 3 1 2
3 3 2 0
3 1 3 0
8 12
0.117241 0.234144 0.000000
0.155385 0.134550 0.379673
0.320731 0.129306 0.245711
0.238742 0.333845 0.000000
0.000000 0.000000 0.000000
0.000000 0.248807 0.000000
0.000000 0.000000 0.542022
0.398740 0.225208 0.118149
3 0 4 5
3 1 0 5
3 6 4 1
3 6 1 5
3 4 6 5
3 2 1 4
3 7 0 2
3 7 2 4
3 0 7 4
3 3 1 2
3 2 0 3
3 1 3 0
4 4
0.117241 0.234144 0.000000
0.320731 0.129306 0.245711
0.398740 0.225208 0.118149
0.238742 0.333845 0.000000
3 2 1 0
3 3 1 2
3 3 2 0
3 1 3 0
4 4
0.898977 0.595087 1.000000
1.000000 0.150220 1.000000
1.000000 0.619650 0.802392
1.000000 0.898395 1.000000
3 2 1 0
3 3 1 2
3 3 2 0
3 1 3 0
6 8
0.213949 0.634094 0.142458
0.000000 0.364542 0.000000
0.000000 0.604295 0.147606
0.321541 0.646117 0.000000
0.000000 0.549688 0.159087
0.000000 1.000000 0.000000
3 2 4 0
3 4 2 1
3 0 4 1
3 5 2 3
3 5 3 1
3 2 5 1
3 0 3 2
3 0 1 3
5 6
0.000000 0.604295 0.147606
0.213949 0.634094 0.142458
0.321541 0.646117 0.000000
0.000000 1.000000 0.000000
0.309993 0.670571 0.114824
3 1 0 2
3 4 1 2
3 2 3 4
3 4 3 1
3 3 2 0
3 1 3 0
4 4
0.452949 0.000000 0.591572
0.621201 0.156046 0.738777
0.890287 0.000000 1.000000
0.757670 0.000000 0.432279
3 1 0 2
3 3 1 2
3 3 2 0
3 1 3 0
4 4
0.155385 0.134550 0.379673
0.000000 0.248807 0.000000
0.000000 0.000000 0.542022
0.000000 0.314665 0.561980
3 2 1 0
3 3 1 2
3 0 3 2
3 1 3 0
7 10
0.320731 0.129306 0.245711
0.155385 0.134550 0.379673
0.363143 0.433290 0.191949
0.238742 0.333845 0.000000
0.229451 0.315007 0.451714
0.117241 0.234144 0.000000
0.398740 0.225208 0.118149
3 0 2 1
3 4 1 2
3 1 4 5
3 4 3 5
3 1 5 3
3 3 4 2
3 6 2 0
3 3 2 6
3 3 6 0
3 3 0 1
6 8
0.000000 0.364542 0.000000
0.000000 0.348748 0.000000
0.238742 0.333845 0.000000
0.000000 0.534122 0.191042
0.117241 0.234144 0.000000
0.000000 0.549688 0.159087
3 1 0 2
3 4 1 2
3 3 4 2
3 1 4 3
3 5 2 0
3 3 2 5
3 3 5 0
3 1 3 0
6 8
0.295205 0.635202 0.639039
0.430652 0.580297 0.675369
0.198331 0.393571 0.744829
0.266183 0.311611 0.695847
0.226493 0.342910 0.791742
0.181255 0.342401 0.747690
3 2 1 0
3 2 4 1
3 2 5 4
3 5 2 3
3 3 4 5
3 4 3 1
3 3 2 0
3 1 3 0
10 16
0.229451 0.315007 0.451714
0.295205 0.635202 0.639039
0.198331 0.393571 0.744829
0.266183 0.311611 0.695847
0.159913 0.596928 0.699365
0.448543 0.428067 0.511773
0.430652 0.580297 0.675369
0.429625 0.300499 0.671282
0.532056 0.512680 0.720045
0.280753 0.263110 0.603447
3 1 0 4
3 1 4 2
3 0 2 4
3 3 1 2
3 3 2 0
3 6 1 3
3 7 6 3
3 3 5 7
3 8 7 5
3 8 5 6
3 6 7 8
3 5 1 6
3 9 0 5
3 9 5 3
3 0 9 3
3 5 0 1
5 6
0.000000 1.000000 0.000000
0.461841 1.000000 0.175362
0.000000 1.000000 0.298498
0.318677 0.885937 0.300951
0.254714 0.822584 0.278995
3 1 0 2
3 3 1 2
3 4 0 3
3 4 3 2
3 4 2 0
3 1 3 0
5 6
0.785008 0.322155 0.765698
0.532056 0.512680 0.720045
0.660272 0.649284 0.730312
0.861676 0.558345 0.746918
0.797893 0.312749 0.663041
3 2 1 0
3 2 3 1
3 3 2 0
3 4 0 1
3 1 3 4
3 4 3 0
6 8
0.532056 0.512680 0.720045
0.660272 0.649284 0.730312
0.861676 0.558345 0.746918
0.821149 0.540939 0.542468
0.797893 0.312749 0.663041
0.611264 0.332715 0.572637
3 1 0 2
3 3 1 2
3 0 4 2
3 3 2 4
3 5 4 0
3 3 5 0
3 5 3 4
3 1 3 0
7 10
0.309993 0.670571 0.114824
0.486619 0.607613 0.180160
0.318677 0.885937 0.300951
0.254714 0.822584 0.278995
0.461841 1.000000 0.175362
0.502576 0.882239 0.000000
0.650918 0.850145 0.312531
3 5 0 4
3 5 4 1
3 5 1 0
3 1 4 6
3 2 6 4
3 2 1 6
3 2 4 0
3 3 1 2
3 3 2 0
3 1 3 0
9 14
0.486619 0.607613 0.180160
0.455452 0.668141 0.542415
0.318677 0.885937 0.300951
0.254714 0.822584 0.278995
0.650918 0.850145 0.312531
0.421614 0.802317 0.557979
0.313975 0.544185 0.206631
0.309993 0.670571 0.114824
0.213949 0.634094 0.142458
3 1 0 4
3 2 4 0
3 5 4 2
3 5 2 1
3 4 5 1
3 3 1 2
3 3 2 0
3 0 1 6
3 6 7 0
3 8 7 6
3 3 8 6
3 7 8 3
3 0 7 3
3 3 6 1
5 6
0.573337 0.000000 0.321226
0.320731 0.129306 0.245711
0.398740 0.225208 0.118149
0.688211 0.101329 0.108521
0.516731 0.297003 0.249437
3 0 2 1
3 3 1 2
3 4 0 3
3 2 4 3
3 4 2 0
3 3 0 1
7 10
0.000000 0.724143 0.480086
0.229451 0.315007 0.451714
0.159913 0.596928 0.699365
0.000000 0.384602 0.599769
0.295205 0.635202 0.639039
0.000000 0.671506 0.709463
0.000000 0.370617 0.711524
3 4 0 2
3 4 2 1
3 0 4 1
3 1 2 3
3 5 2 0
3 2 5 6
3 2 6 3
3 3 6 5
3 0 3 5
3 3 0 1
9 14
0.000000 0.534122 0.191042
0.229451 0.315007 0.451714
0.000000 0.724143 0.480086
0.000000 0.384602 0.599769
0.313975 0.544185 0.206631
0.213949 0.634094 0.142458
0.000000 0.604295 0.147606
0.000000 0.549688 0.159087
0.000000 0.314665 0.561980
3 4 1 0
3 2 1 4
3 4 0 5
3 2 4 5
3 6 5 7
3 0 6 7
3 0 7 5
3 2 6 0
3 5 6 2
3 3 1 2
3 3 2 0
3 8 0 1
3 3 0 8
3 1 3 8
8 12
0.213949 0.634094 0.142458
0.313975 0.544185 0.206631
0.254714 0.822584 0.278995
0.000000 0.724143 0.480086
0.295205 0.635202 0.639039
0.421614 0.802317 0.557979
0.366908 0.740636 0.699709
0.455452 0.668141 0.542415
3 2 1 0
3 6 3 4
3 5 3 6
3 5 6 4
3 5 4 2
3 3 5 2
3 4 3 1
3 2 7 1
3 2 4 7
3 7 4 1
3 3 2 0
3 3 0 1
7 10
0.198331 0.393571 0.744829
0.181255 0.342401 0.747690
0.000000 0.384602 0.599769
0.266183 0.311611 0.695847
0.229451 0.315007 0.451714
0.280753 0.263110 0.603447
0.000000 0.314665 0.561980
3 2 1 0
3 2 3 1
3 0 4 2
3 4 3 5
3 5 3 2
3 4 6 2
3 5 2 6
3 5 6 4
3 3 4 0
3 1 3 0
6 8
0.181255 0.342401 0.747690
0.000000 0.370617 0.711524
0.198331 0.393571 0.744829
0.000000 0.384602 0.599769
0.159913 0.596928 0.699365
0.229451 0.315007 0.451714
3 1 0 2
3 4 1 2
3 5 4 2
3 2 3 5
3 5 3 4
3 4 3 1
3 3 2 0
3 1 3 0
11 18
0.313975 0.544185 0.206631
0.455452 0.668141 0.542415
0.295205 0.635202 0.639039
0.448543 0.428067 0.511773
0.430652 0.580297 0.675369
0.229451 0.315007 0.451714
0.000000 0.724143 0.480086
0.363143 0.433290 0.191949
0.335168 0.487020 0.171647
0.516731 0.297003 0.249437
0.280753 0.263110 0.603447
3 1 0 2
3 2 4 1
3 3 1 4
3 3 4 2
3 6 0 5
3 2 0 6
3 6 5 2
3 3 2 5
3 8 7 5
3 0 8 5
3 7 8 0
3 3 7 0
3 9 7 3
3 10 3 5
3 9 3 10
3 9 10 5
3 9 5 7
3 3 0 1
6 8
0.455452 0.668141 0.542415
0.254714 0.822584 0.278995
0.295205 0.635202 0.639039
0.421614 0.802317 0.557979
0.366908 0.740636 0.699709
0.318677 0.885937 0.300951
3 1 0 2
3 3 1 2
3 2 0 4
3 3 2 4
3 3 4 0
3 1 5 0
3 3 5 1
3 3 0 5
6 8
0.226493 0.342910 0.791742
0.261811 0.387284 1.000000
0.000000 0.376061 1.000000
0.000000 0.234637 0.827284
0.000000 0.000000 1.000000
0.181255 0.342401 0.747690
3 1 0 2
3 4 2 3
3 4 3 1
3 2 4 1
3 3 5 0
3 2 5 3
3 0 5 2
3 1 3 0
4 4
0.226493 0.342910 0.791742
0.261811 0.387284 1.000000
0.000000 0.234637 0.827284
0.000000 0.000000 1.000000
3 1 0 2
3 3 1 2
3 3 2 0
3 1 3 0
6 8
0.000000 0.248807 0.000000
0.155385 0.134550 0.379673
0.000000 0.534122 0.191042
0.000000 0.314665 0.561980
0.000000 0.348748 0.000000
0.229451 0.315007 0.451714
3 1 0 4
3 2 1 4
3 0 2 4
3 5 1 2
3 3 5 2
3 5 3 1
3 3 2 0
3 0 1 3
9 14
0.318677 0.885937 0.300951
0.000000 1.000000 0.298498
0.421614 0.802317 0.557979
0.246833 1.000000 0.846126
0.000000 0.724143 0.480086
0.366908 0.740636 0.699709
0.411281 0.846621 0.751412
0.000000 0.671506 0.709463
0.159913 0.596928 0.699365
3 1 0 2
3 2 4 1
3 2 5 4
3 6 2 3
3 6 3 5
3 2 6 5
3 7 4 5
3 8 7 5
3 3 8 5
3 7 8 3
3 4 7 3
3 1 4 3
3 3 2 0
3 1 3 0
5 6
0.318677 0.885937 0.300951
0.000000 1.000000 0.298498
0.000000 0.724143 0.480086
0.421614 0.802317 0.557979
0.254714 0.822584 0.278995
3 1 0 2
3 3 1 2
3 2 0 4
3 2 4 3
3 3 4 0
3 1 3 0
5 6
0.000000 0.671506 0.709463
0.159913 0.596928 0.699365
0.295205 0.635202 0.639039
0.366908 0.740636 0.699709
0.000000 0.724143 0.480086
3 2 1 0
3 3 1 2
3 0 4 2
3 3 2 4
3 0 3 4
3 1 3 0
4 4
0.000000 0.724143 0.480086
0.000000 0.671506 0.709463
0.159913 0.596928 0.699365
0.295205 0.635202 0.639039
3 1 0 2
3 3 1 2
3 3 2 0
3 1 3 0
4 4
0.318677 0.885937 0.300951
0.000000 1.000000 0.298498
0.254714 0.822584 0.278995
0.000000 0.724143 0.480086
3 2 1 0
3 3 1 2
3 3 2 0
3 1 3 0
4 4
0.461841 1.000000 0.175362
0.000000 1.000000 0.298498
0.318677 0.885937 0.300951
0.246833 1.000000 0.846126
3 2 1 0
3 1 2 3
3 3 2 0
3 1 3 0
6 8
0.663587 0.451527 1.000000
0.785008 0.322155 0.765698
0.660272 0.649284 0.730312
0.861676 0.558345 0.746918
0.532056 0.512680 0.720045
0.630006 0.256110 0.877724
3 0 5 1
3 4 1 5
3 4 5 0
3 2 1 4
3 2 4 0
3 3 1 2
3 3 2 0
3 1 3 0
5 6
0.000000 0.724143 0.480086
0.000000 1.000000 0.298498
0.000000 1.000000 1.000000
0.246833 1.000000 0.846126
0.000000 0.671506 0.709463
3 1 0 2
3 3 1 2
3 0 4 2
3 3 2 4
3 0 3 4
3 1 3 0
9 14
0.241716 0.792569 1.000000
0.000000 0.671506 0.709463
0.000000 1.000000 1.000000
0.246833 1.000000 0.846126
0.000000 0.567869 0.849389
0.000000 0.557845 1.000000
0.159913 0.596928 0.699365
0.366908 0.740636 0.699709
0.411281 0.846621 0.751412
3 5 2 4
3 5 4 0
3 2 5 0
3 4 2 1
3 0 4 1
3 3 1 2
3 0 3 2
3 1 6 0
3 0 6 7
3 8 7 3
3 8 3 0
3 7 8 0
3 3 7 6
3 1 3 6
5 6
0.000000 0.000000 0.000000
0.573337 0.000000 0.321226
0.320731 0.129306 0.245711
0.000000 0.000000 0.542022
0.155385 0.134550 0.379673
3 0 2 1
3 3 1 2
3 2 0 4
3 3 2 4
3 3 4 0
3 1 3 0
5 6
0.000000 0.671506 0.709463
0.159913 0.596928 0.699365
0.000000 0.567869 0.849389
0.000000 0.370617 0.711524
0.198331 0.393571 0.744829
3 1 0 2
3 4 2 3
3 1 4 3
3 4 1 2
3 3 2 0
3 1 3 0
5 6
0.611264 0.332715 0.572637
0.594760 0.286645 0.633760
0.785008 0.322155 0.765698
0.532056 0.512680 0.720045
0.797893 0.312749 0.663041
3 1 0 2
3 3 1 2
3 2 0 4
3 4 3 2
3 0 3 4
3 1 3 0
5 6
0.650918 0.850145 0.312531
0.461841 1.000000 0.175362
0.318677 0.885937 0.300951
0.533782 0.833388 0.590102
0.421614 0.802317 0.557979
3 2 1 0
3 3 1 2
3 4 2 0
3 2 4 3
3 3 4 0
3 1 3 0
7 10
0.573337 0.000000 0.321226
0.000000 0.000000 0.000000
0.688211 0.101329 0.108521
1.000000 0.000000 0.000000
0.320731 0.129306 0.245711
0.398740 0.225208 0.118149
0.759084 0.104331 0.180280
3 1 0 4
3 5 1 4
3 2 1 5
3 2 5 4
3 2 4 0
3 3 1 2
3 2 0 6
3 3 2 6
3 3 6 0
3 1 3 0
5 6
0.320731 0.129306 0.245711
0.155385 0.134550 0.379673
0.000000 0.000000 0.542022
0.452949 0.000000 0.591572
0.573337 0.000000 0.321226
3 2 1 0
3 1 2 3
3 2 0 4
3 3 2 4
3 0 3 4
3 0 1 3
5 6
0.439425 0.122801 0.771063
0.429625 0.300499 0.671282
0.594760 0.286645 0.633760
0.452949 0.000000 0.591572
0.621201 0.156046 0.738777
3 1 0 2
3 3 1 2
3 3 4 0
3 4 3 2
3 0 4 2
3 0 1 3
5 6
0.430652 0.580297 0.675369
0.429625 0.300499 0.671282
0.226493 0.342910 0.791742
0.266183 0.311611 0.695847
0.532056 0.512680 0.720045
3 4 0 2
3 2 1 4
3 0 4 1
3 3 1 2
3 2 0 3
3 1 3 0
6 8
0.611264 0.332715 0.572637
0.797893 0.312749 0.663041
0.757670 0.000000 0.432279
0.716599 0.367476 0.407382
0.594760 0.286645 0.633760
0.778992 0.164047 0.284021
3 4 1 0
3 2 1 4
3 2 4 0
3 5 1 2
3 3 5 2
3 1 5 3
3 3 2 0
3 0 1 3
7 10
0.000000 0.000000 1.000000
0.439425 0.122801 0.771063
0.630006 0.256110 0.877724
0.890287 0.000000 1.000000
0.621201 0.156046 0.738777
0.573300 0.258572 0.832740
0.261811 0.387284 1.000000
3 2 1 0
3 5 1 2
3 4 5 2
3 5 4 1
3 3 1 4
3 2 3 4
3 0 6 2
3 3 2 6
3 0 3 6
3 0 1 3
7 10
0.439425 0.122801 0.771063
0.261811 0.387284 1.000000
0.000000 0.000000 1.000000
0.630006 0.256110 0.877724
0.226493 0.342910 0.791742
0.000000 0.234637 0.827284
0.573300 0.258572 0.832740
3 0 4 1
3 1 4 2
3 4 0 5
3 2 4 5
3 0 2 5
3 2 3 1
3 3 2 0
3 0 1 6
3 6 3 0
3 3 6 1
8 12
0.486619 0.607613 0.180160
0.455452 0.668141 0.542415
0.313975 0.544185 0.206631
0.448543 0.428067 0.511773
0.716599 0.367476 0.407382
0.516731 0.297003 0.249437
0.611264 0.332715 0.572637
0.526166 0.482891 0.113591
3 0 2 1
3 3 1 2
3 3 2 0
3 1 3 4
3 3 0 5
3 6 3 5
3 4 6 5
3 6 4 3
3 7 0 4
3 7 4 5
3 0 7 5
3 0 1 4
6 8
0.363143 0.433290 0.191949
0.486619 0.607613 0.180160
0.313975 0.544185 0.206631
0.448543 0.428067 0.511773
0.335168 0.487020 0.171647
0.516731 0.297003 0.249437
3 0 4 1
3 2 1 4
3 0 2 4
3 3 1 2
3 3 2 0
3 3 5 1
3 5 3 0
3 1 5 0
5 6
0.363143 0.433290 0.191949
0.486619 0.607613 0.180160
0.516731 0.297003 0.249437
0.526166 0.482891 0.113591
0.335168 0.487020 0.171647
3 1 0 2
3 1 2 3
3 3 2 0
3 0 1 4
3 3 4 1
3 4 3 0
10 16
0.486619 0.607613 0.180160
0.828527 0.509320 0.299898
0.716599 0.367476 0.407382
0.526166 0.482891 0.113591
0.792404 0.683229 0.395612
0.455452 0.668141 0.542415
0.650918 0.850145 0.312531
0.533782 0.833388 0.590102
0.421614 0.802317 0.557979
0.821149 0.540939 0.542468
3 1 0 4
3 2 1 4
3 5 6 0
3 4 0 6
3 6 5 8
3 7 6 8
3 7 8 5
3 4 6 7
3 7 5 4
3 4 5 9
3 2 4 9
3 2 9 5
3 0 2 5
3 3 1 2
3 3 2 0
3 1 3 0
7 10
0.455452 0.668141 0.542415
0.430652 0.580297 0.675369
0.448543 0.428067 0.511773
0.532056 0.512680 0.720045
0.821149 0.540939 0.542468
0.660272 0.649284 0.730312
0.611264 0.332715 0.572637
3 2 1 0
3 3 1 2
3 5 0 3
3 5 4 0
3 5 3 4
3 3 2 6
3 4 3 6
3 2 4 6
3 0 4 2
3 1 3 0
4 4
0.455452 0.668141 0.542415
0.430652 0.580297 0.675369
0.532056 0.512680 0.720045
0.660272 0.649284 0.730312
3 1 0 2
3 3 1 2
3 3 2 0
3 0 1 3
5 6
0.448543 0.428067 0.511773
0.455452 0.668141 0.542415
0.821149 0.540939 0.542468
0.716599 0.367476 0.407382
0.611264 0.332715 0.572637
3 1 0 2
3 3 1 2
3 0 4 2
3 3 2 4
3 4 0 3
3 1 3 0
4 4
0.828527 0.509320 0.299898
0.821149 0.540939 0.542468
0.792404 0.683229 0.395612
0.716599 0.367476 0.407382
3 1 0 2
3 3 1 2
3 3 2 0
3 1 3 0
8 12
0.573300 0.258572 0.832740
0.630006 0.256110 0.877724
0.785008 0.322155 0.765698
0.532056 0.512680 0.720045
0.594760 0.286645 0.633760
0.621201 0.156046 0.738777
0.797893 0.312749 0.663041
0.611264 0.332715 0.572637
3 1 0 2
3 3 1 2
3 5 0 4
3 2 0 5
3 5 4 6
3 5 6 2
3 4 7 6
3 2 6 7
3 4 2 7
3 3 2 4
3 0 3 4
3 3 0 1
11 18
1.000000 1.000000 0.866730
0.650918 0.850145 0.312531
1.000000 0.871567 0.700409
0.871309 0.790161 0.554580
0.533782 0.833388 0.590102
0.792404 0.683229 0.395612
0.461841 1.000000 0.175362
0.246833 1.000000 0.846126
0.318677 0.885937 0.300951
0.421614 0.802317 0.557979
0.411281 0.846621 0.751412
3 1 0 2
3 3 1 2
3 0 3 2
3 3 4 5
3 5 4 1
3 3 5 1
3 4 3 0
3 0 1 6
3 0 6 7
3 4 0 7
3 7 6 8
3 7 8 9
3 10 7 9
3 7 10 4
3 4 10 9
3 8 4 9
3 4 8 6
3 6 1 4
4 4
1.000000 0.871567 0.700409
1.000000 1.000000 0.866730
0.871309 0.790161 0.554580
0.533782 0.833388 0.590102
3 1 0 2
3 3 1 2
3 3 2 0
3 1 3 0
5 6
0.502576 0.882239 0.000000
0.486619 0.607613 0.180160
0.710792 0.510466 0.000000
0.798334 0.851664 0.000000
0.840398 0.622484 0.000000
3 1 0 2
3 4 2 3
3 4 3 1
3 4 1 2
3 3 2 0
3 3 0 1
10 16
0.621201 0.156046 0.738777
0.630006 0.256110 0.877724
0.890287 0.000000 1.000000
0.831631 0.243450 1.000000
0.785008 0.322155 0.765698
1.000000 0.216145 0.725589
0.757670 0.000000 0.432279
1.000000 0.000000 1.000000
0.797893 0.312749 0.663041
0.594760 0.286645 0.633760
3 1 0 2
3 3 1 2
3 4 0 3
3 4 3 2
3 7 5 2
3 6 7 2
3 7 6 5
3 6 2 0
3 8 0 5
3 6 8 5
3 0 8 9
3 6 9 8
3 9 6 0
3 2 5 4
3 4 5 0
3 1 3 0
5 6
0.621201 0.156046 0.738777
0.630006 0.256110 0.877724
0.831631 0.243450 1.000000
0.785008 0.322155 0.765698
0.573300 0.258572 0.832740
3 1 0 2
3 3 1 2
3 3 2 0
3 0 1 4
3 3 0 4
3 1 3 4
4 4
0.797893 0.312749 0.663041
0.621201 0.156046 0.738777
1.000000 0.216145 0.725589
0.785008 0.322155 0.765698
3 0 2 1
3 3 1 2
3 3 2 0
3 1 3 0
4 4
1.000000 0.150220 1.000000
1.000000 0.216145 0.725589
1.000000 0.000000 1.000000
0.890287 0.000000 1.000000
3 1 0 2
3 2 3 1
3 3 2 0
3 1 3 0
5 6
1.000000 0.216145 0.725589
0.890287 0.000000 1.000000
0.831631 0.243450 1.000000
0.785008 0.322155 0.765698
1.000000 0.150220 1.000000
3 0 4 1
3 2 1 4
3 0 2 4
3 3 1 2
3 3 2 0
3 1 3 0
6 8
1.000000 0.216145 0.725589
0.797893 0.312749 0.663041
0.821149 0.540939 0.542468
0.716599 0.367476 0.407382
0.611264 0.332715 0.572637
0.828527 0.509320 0.299898
3 1 0 2
3 4 1 2
3 3 4 2
3 4 3 1
3 0 5 2
3 2 5 3
3 3 5 0
3 3 0 1
5 6
0.439425 0.122801 0.771063
0.429625 0.300499 0.671282
0.573300 0.258572 0.832740
0.621201 0.156046 0.738777
0.594760 0.286645 0.633760
3 1 0 2
3 3 1 2
3 2 0 3
3 1 4 0
3 0 4 3
3 4 1 3
4 4
0.785008 0.322155 0.765698
0.898977 0.595087 1.000000
1.000000 0.619650 0.802392
0.861676 0.558345 0.746918
3 2 1 0
3 3 1 2
3 3 2 0
3 3 0 1
7 10
0.785008 0.322155 0.765698
0.663587 0.451527 1.000000
0.898977 0.595087 1.000000
0.861676 0.558345 0.746918
0.831631 0.243450 1.000000
0.630006 0.256110 0.877724
1.000000 0.619650 0.802392
3 4 1 5
3 0 4 5
3 1 0 5
3 6 0 2
3 6 2 4
3 0 6 4
3 4 2 1
3 3 1 2
3 3 2 0
3 0 1 3
6 8
1.000000 0.216145 0.725589
0.785008 0.322155 0.765698
1.000000 0.619650 0.802392
0.861676 0.558345 0.746918
0.831631 0.243450 1.000000
0.898977 0.595087 1.000000
3 1 0 4
3 1 4 2
3 5 4 0
3 2 4 5
3 2 5 0
3 3 1 2
3 3 2 0
3 1 3 0
4 4
0.663587 0.451527 1.000000
0.261811 0.387284 1.000000
0.630006 0.256110 0.877724
0.831631 0.243450 1.000000
3 1 0 2
3 3 1 2
3 3 2 0
3 1 3 0
5 6
0.439425 0.122801 0.771063
0.000000 0.000000 1.000000
0.452949 0.000000 0.591572
0.890287 0.000000 1.000000
0.621201 0.156046 0.738777
3 1 0 2
3 3 1 2
3 2 0 4
3 4 3 2
3 3 4 0
3 1 3 0
4 4
0.630006 0.256110 0.877724
0.261811 0.387284 1.000000
0.890287 0.000000 1.000000
0.831631 0.243450 1.000000
3 2 1 0
3 3 1 2
3 3 2 0
3 3 0 1
5 6
0.461841 1.000000 0.175362
0.000000 1.000000 0.000000
1.000000 1.000000 0.000000
0.502576 0.882239 0.000000
0.798334 0.851664 0.000000
3 1 0 2
3 3 1 2
3 4 0 3
3 4 3 2
3 0 4 2
3 0 1 3
4 4
0.710792 0.510466 0.000000
0.688211 0.101329 0.108521
0.516731 0.297003 0.249437
0.526166 0.482891 0.113591
3 1 0 2
3 3 1 2
3 3 2 0
3 1 3 0
5 6
0.828527 0.509320 0.299898
0.710792 0.510466 0.000000
0.516731 0.297003 0.249437
0.526166 0.482891 0.113591
0.716599 0.367476 0.407382
3 1 0 2
3 3 1 2
3 2 0 4
3 3 2 4
3 3 4 0
3 1 3 0
7 10
0.778992 0.164047 0.284021
0.828527 0.509320 0.299898
0.516731 0.297003 0.249437
0.716599 0.367476 0.407382
0.710792 0.510466 0.000000
0.688211 0.101329 0.108521
0.759084 0.104331 0.180280
3 0 4 1
3 4 2 1
3 6 4 0
3 6 5 4
3 5 6 0
3 5 2 4
3 2 5 0
3 2 3 1
3 3 2 0
3 1 3 0
7 10
0.411281 0.846621 0.751412
0.349181 1.000000 1.000000
0.663587 0.451527 1.000000
0.660272 0.649284 0.730312
0.898977 0.595087 1.000000
1.000000 0.898395 1.000000
0.861676 0.558345 0.746918
3 2 1 0
3 1 2 4
3 1 4 5
3 3 1 5
3 3 5 4
3 6 2 3
3 6 3 4
3 6 4 2
3 2 0 3
3 0 1 3
6 8
0.349181 1.000000 1.000000
0.411281 0.846621 0.751412
1.000000 0.898395 1.000000
0.660272 0.649284 0.730312
1.000000 1.000000 0.866730
1.000000 1.000000 1.000000
3 4 1 0
3 4 0 5
3 2 4 5
3 2 5 0
3 4 2 1
3 3 1 2
3 3 2 0
3 1 3 0
6 8
0.411281 0.846621 0.751412
0.663587 0.451527 1.000000
0.532056 0.512680 0.720045
0.660272 0.649284 0.730312
0.366908 0.740636 0.699709
0.430652 0.580297 0.675369
3 1 0 2
3 3 1 2
3 0 4 2
3 4 5 2
3 3 2 5
3 5 4 3
3 0 3 4
3 1 3 0
8 12
0.241716 0.792569 1.000000
0.366908 0.740636 0.699709
0.411281 0.846621 0.751412
0.532056 0.512680 0.720045
0.663587 0.451527 1.000000
0.349181 1.000000 1.000000
0.246833 1.000000 0.846126
0.430652 0.580297 0.675369
3 1 0 2
3 2 3 1
3 2 0 6
3 5 2 6
3 5 6 0
3 4 2 5
3 4 5 0
3 4 3 2
3 3 4 0
3 0 1 7
3 3 0 7
3 1 3 7
7 10
1.000000 0.619650 0.802392
1.000000 0.216145 0.725589
0.861676 0.558345 0.746918
0.821149 0.540939 0.542468
0.797893 0.312749 0.663041
0.785008 0.322155 0.765698
1.000000 0.839899 0.415737
3 2 1 0
3 5 4 1
3 4 5 2
3 5 1 2
3 3 4 2
3 4 3 1
3 3 2 0
3 1 3 6
3 6 3 0
3 1 6 0
5 6
0.871309 0.790161 0.554580
1.000000 0.619650 0.802392
0.861676 0.558345 0.746918
0.821149 0.540939 0.542468
1.000000 0.839899 0.415737
3 1 0 2
3 3 1 2
3 3 2 0
3 4 1 3
3 4 3 0
3 4 0 1
7 10
1.000000 0.619650 0.802392
0.898977 0.595087 1.000000
0.660272 0.649284 0.730312
0.861676 0.558345 0.746918
1.000000 0.898395 1.000000
1.000000 0.871567 0.700409
1.000000 1.000000 0.866730
3 4 1 0
3 2 1 4
3 4 0 5
3 6 4 5
3 6 5 2
3 6 2 4
3 2 5 0
3 3 1 2
3 3 2 0
3 3 0 1
5 6
1.000000 0.871567 0.700409
1.000000 0.619650 0.802392
0.660272 0.649284 0.730312
0.861676 0.558345 0.746918
0.871309 0.790161 0.554580
3 2 1 0
3 3 1 2
3 0 4 2
3 3 2 4
3 0 3 4
3 0 1 3
4 4
1.000000 0.619650 0.802392
1.000000 0.871567 0.700409
0.871309 0.790161 0.554580
0.861676 0.558345 0.746918
3 1 0 2
3 1 2 3
3 0 3 2
3 1 3 0
7 10
1.000000 1.000000 0.866730
0.411281 0.846621 0.751412
0.533782 0.833388 0.590102
0.660272 0.649284 0.730312
1.000000 0.871567 0.700409
0.871309 0.790161 0.554580
1.000000 0.898395 1.000000
3 1 0 2
3 3 1 2
3 0 4 2
3 2 4 5
3 3 2 5
3 4 3 5
3 0 3 4
3 0 1 6
3 0 6 3
3 3 6 1
10 16
0.429625 0.300499 0.671282
0.226493 0.342910 0.791742
0.573300 0.258572 0.832740
0.532056 0.512680 0.720045
0.261811 0.387284 1.000000
0.663587 0.451527 1.000000
0.630006 0.256110 0.877724
0.430652 0.580297 0.675369
0.594760 0.286645 0.633760
0.621201 0.156046 0.738777
3 2 1 0
3 2 4 1
3 4 2 5
3 6 5 2
3 3 5 6
3 3 6 2
3 5 3 4
3 7 1 4
3 3 1 7
3 7 4 3
3 9 8 2
3 9 2 0
3 8 9 0
3 2 8 3
3 0 3 8
3 1 3 0
6 8
0.439425 0.122801 0.771063
0.429625 0.300499 0.671282
0.226493 0.342910 0.791742
0.573300 0.258572 0.832740
0.266183 0.311611 0.695847
0.261811 0.387284 1.000000
3 4 0 2
3 4 2 1
3 0 4 1
3 3 1 2
3 0 5 2
3 3 2 5
3 0 3 5
3 1 3 0
9 14
0.000000 0.376061 1.000000
0.181255 0.342401 0.747690
0.000000 0.370617 0.711524
0.198331 0.393571 0.744829
0.000000 0.234637 0.827284
0.000000 0.567869 0.849389
0.261811 0.387284 1.000000
0.000000 0.557845 1.000000
0.159913 0.596928 0.699365
3 0 4 1
3 2 1 4
3 0 2 4
3 2 3 1
3 0 5 2
3 3 2 5
3 7 6 5
3 0 6 7
3 0 7 5
3 3 6 0
3 6 8 5
3 3 5 8
3 6 3 8
3 3 0 1
5 6
0.000000 0.376061 1.000000
0.226493 0.342910 0.791742
0.181255 0.342401 0.747690
0.198331 0.393571 0.744829
0.261811 0.387284 1.000000
3 1 0 2
3 3 1 2
3 3 2 0
3 4 0 1
3 3 0 4
3 3 4 1
11 18
0.261811 0.387284 1.000000
0.430652 0.580297 0.675369
0.241716 0.792569 1.000000
0.532056 0.512680 0.720045
0.159913 0.596928 0.699365
0.198331 0.393571 0.744829
0.295205 0.635202 0.639039
0.226493 0.342910 0.791742
0.000000 0.567869 0.849389
0.000000 0.671506 0.709463
0.663587 0.451527 1.000000
3 6 4 1
3 5 6 1
3 6 5 4
3 1 0 7
3 5 1 7
3 5 7 0
3 0 4 5
3 2 1 4
3 8 0 2
3 9 2 4
3 2 9 8
3 4 8 9
3 0 8 4
3 3 1 2
3 2 0 10
3 3 2 10
3 10 0 3
3 1 3 0
4 4
0.261811 0.387284 1.000000
0.241716 0.792569 1.000000
0.000000 0.567869 0.849389
0.000000 0.557845 1.000000
3 2 1 0
3 3 1 2
3 3 2 0
3 1 3 0
5 6
0.295205 0.635202 0.639039
0.159913 0.596928 0.699365
0.430652 0.580297 0.675369
0.366908 0.740636 0.699709
0.241716 0.792569 1.000000
3 0 2 1
3 4 2 3
3 4 3 1
3 4 1 2
3 3 2 0
3 3 0 1
4 4
0.663587 0.451527 1.000000
0.261811 0.387284 1.000000
0.573300 0.258572 0.832740
0.630006 0.256110 0.877724
3 1 0 2
3 3 1 2
3 3 2 0
3 1 3 0
5 6
1.000000 1.000000 0.866730
0.411281 0.846621 0.751412
0.349181 1.000000 1.000000
0.533782 0.833388 0.590102
0.246833 1.000000 0.846126
3 0 2 1
3 3 1 2
3 0 4 2
3 3 2 4
3 3 4 0
3 1 3 0
4 4
0.411281 0.846621 0.751412
0.246833 1.000000 0.846126
0.349181 1.000000 1.000000
0.533782 0.833388 0.590102
3 2 1 0
3 3 1 2
3 3 2 0
3 1 3 0
5 6
0.429625 0.300499 0.671282
0.594760 0.286645 0.633760
0.611264 0.332715 0.572637
0.532056 0.512680 0.720045
0.448543 0.428067 0.511773
3 1 0 2
3 1 2 3
3 0 4 2
3 3 2 4
3 3 4 0
3 0 1 3
4 4
1.000000 0.871567 0.700409
1.000000 0.619650 0.802392
0.871309 0.790161 0.554580
1.000000 0.839899 0.415737
3 0 2 1
3 3 1 2
3 3 2 0
3 1 3 0
6 8
0.486619 0.607613 0.180160
0.321541 0.646117 0.000000
0.502576 0.882239 0.000000
0.710792 0.510466 0.000000
0.309993 0.670571 0.114824
0.526166 0.482891 0.113591
3 0 4 1
3 2 4 0
3 1 4 2
3 3 1 2
3 0 3 2
3 5 1 3
3 5 3 0
3 5 0 1
8 12
0.650918 0.850145 0.312531
1.000000 1.000000 0.000000
1.000000 0.839899 0.415737
0.798334 0.851664 0.000000
0.461841 1.000000 0.175362
1.000000 1.000000 0.866730
0.792404 0.683229 0.395612
0.840398 0.622484 0.000000
3 4 1 0
3 4 5 1
3 2 1 5
3 2 5 4
3 2 4 0
3 2 3 1
3 0 6 2
3 7 6 3
3 7 3 2
3 7 2 6
3 0 3 6
3 3 0 1
5 6
0.650918 0.850145 0.312531
0.461841 1.000000 0.175362
1.000000 1.000000 0.000000
0.798334 0.851664 0.000000
0.502576 0.882239 0.000000
3 1 0 2
3 1 2 3
3 3 2 0
3 4 0 1
3 3 0 4
3 3 4 1
7 10
1.000000 1.000000 0.866730
0.650918 0.850145 0.312531
0.461841 1.000000 0.175362
1.000000 0.839899 0.415737
1.000000 0.871567 0.700409
0.871309 0.790161 0.554580
0.792404 0.683229 0.395612
3 0 2 1
3 3 1 2
3 3 2 0
3 1 4 0
3 3 0 4
3 5 4 1
3 3 4 5
3 5 1 6
3 3 5 6
3 1 3 6
10 16
0.650918 0.850145 0.312531
0.486619 0.607613 0.180160
0.798334 0.851664 0.000000
0.840398 0.622484 0.000000
0.502576 0.882239 0.000000
0.461841 1.000000 0.175362
0.792404 0.683229 0.395612
0.828527 0.509320 0.299898
0.710792 0.510466 0.000000
0.526166 0.482891 0.113591
3 1 0 5
3 4 1 5
3 4 5 0
3 2 1 4
3 2 4 0
3 3 1 2
3 3 2 0
3 6 0 1
3 0 6 3
3 7 6 1
3 6 7 3
3 9 1 8
3 8 7 9
3 7 1 9
3 3 7 8
3 3 8 1
4 4
0.792404 0.683229 0.395612
0.650918 0.850145 0.312531
0.798334 0.851664 0.000000
0.840398 0.622484 0.000000
3 1 0 2
3 3 1 2
3 3 2 0
3 1 3 0
5 6
0.573337 0.000000 0.321226
0.594760 0.286645 0.633760
0.452949 0.000000 0.591572
0.757670 0.000000 0.432279
0.621201 0.156046 0.738777
3 0 2 1
3 4 1 2
3 1 4 3
3 4 2 3
3 3 2 0
3 0 1 3
9 14
0.710792 0.510466 0.000000
0.398740 0.225208 0.118149
0.688211 0.101329 0.108521
0.526166 0.482891 0.113591
0.238742 0.333845 0.000000
1.000000 0.000000 0.000000
0.759084 0.104331 0.180280
0.516731 0.297003 0.249437
0.363143 0.433290 0.191949
3 1 0 4
3 6 0 2
3 5 6 2
3 6 5 0
3 5 2 4
3 0 5 4
3 4 2 1
3 1 2 7
3 7 8 1
3 3 8 7
3 8 3 1
3 3 7 2
3 2 0 3
3 3 0 1
5 6
0.238742 0.333845 0.000000
0.398740 0.225208 0.118149
0.710792 0.510466 0.000000
0.526166 0.482891 0.113591
0.363143 0.433290 0.191949
3 1 0 2
3 3 1 2
3 3 2 0
3 0 1 4
3 3 0 4
3 4 1 3
15 26
0.573337 0.000000 0.321226
0.452949 0.000000 0.591572
0.611264 0.332715 0.572637
0.516731 0.297003 0.249437
0.594760 0.286645 0.633760
0.280753 0.263110 0.603447
0.448543 0.428067 0.511773
0.429625 0.300499 0.671282
0.266183 0.311611 0.695847
0.320731 0.129306 0.245711
0.229451 0.315007 0.451714
0.716599 0.367476 0.407382
0.778992 0.164047 0.284021
0.688211 0.101329 0.108521
0.759084 0.104331 0.180280
3 0 4 1
3 2 1 4
3 0 2 4
3 2 5 1
3 8 7 6
3 5 8 6
3 8 5 7
3 2 7 5
3 7 2 6
3 2 3 6
3 3 5 6
3 1 5 9
3 3 1 9
3 5 10 9
3 3 10 5
3 3 9 10
3 12 0 14
3 13 12 14
3 13 14 0
3 3 12 13
3 3 13 0
3 11 12 3
3 0 12 11
3 11 3 2
3 11 2 0
3 3 0 1
5 6
0.573337 0.000000 0.321226
0.320731 0.129306 0.245711
0.452949 0.000000 0.591572
0.516731 0.297003 0.249437
0.398740 0.225208 0.118149
3 1 0 2
3 3 1 2
3 3 2 0
3 0 1 4
3 3 0 4
3 4 1 3
5 6
0.280753 0.263110 0.603447
0.429625 0.300499 0.671282
0.452949 0.000000 0.591572
0.611264 0.332715 0.572637
0.594760 0.286645 0.633760
3 2 1 0
3 2 4 1
3 3 4 2
3 4 3 1
3 3 2 0
3 3 0 1
5 6
0.155385 0.134550 0.379673
0.320731 0.129306 0.245711
0.229451 0.315007 0.451714
0.280753 0.263110 0.603447
0.452949 0.000000 0.591572
3 1 0 2
3 3 1 2
3 3 2 0
3 4 1 3
3 4 3 0
3 1 4 0
5 6
0.213949 0.634094 0.142458
0.309993 0.670571 0.114824
0.335168 0.487020 0.171647
0.321541 0.646117 0.000000
0.313975 0.544185 0.206631
3 4 0 2
3 4 2 1
3 0 4 1
3 2 3 1
3 2 0 3
3 1 3 0
10 16
0.309993 0.670571 0.114824
0.335168 0.487020 0.171647
0.321541 0.646117 0.000000
0.486619 0.607613 0.180160
0.526166 0.482891 0.113591
0.238742 0.333845 0.000000
0.213949 0.634094 0.142458
0.710792 0.510466 0.000000
0.363143 0.433290 0.191949
0.313975 0.544185 0.206631
3 1 0 2
3 4 2 3
3 4 3 1
3 1 6 5
3 2 5 6
3 1 2 6
3 5 2 7
3 4 5 7
3 4 7 2
3 1 5 8
3 4 8 5
3 1 8 4
3 3 2 0
3 9 1 3
3 9 3 0
3 9 0 1
5 6
0.757670 0.000000 0.432279
0.573337 0.000000 0.321226
0.759084 0.104331 0.180280
1.000000 0.000000 0.000000
0.778992 0.164047 0.284021
3 4 1 0
3 2 4 0
3 4 2 1
3 3 1 2
3 3 2 0
3 1 3 0
10 16
1.000000 1.000000 0.000000
1.000000 0.839899 0.415737
0.840398 0.622484 0.000000
1.000000 0.000000 0.000000
0.798334 0.851664 0.000000
0.828527 0.509320 0.299898
0.792404 0.683229 0.395612
0.710792 0.510466 0.000000
0.759084 0.104331 0.180280
0.778992 0.164047 0.284021
3 1 0 4
3 2 1 4
3 2 4 0
3 1 6 5
3 2 6 1
3 6 2 5
3 2 7 5
3 3 7 2
3 9 5 7
3 8 9 7
3 9 8 5
3 3 5 8
3 8 7 3
3 3 1 5
3 3 2 0
3 1 3 0
7 10
1.000000 0.216145 0.725589
1.000000 0.000000 1.000000
0.757670 0.000000 0.432279
1.000000 0.000000 0.000000
0.778992 0.164047 0.284021
0.797893 0.312749 0.663041
0.759084 0.104331 0.180280
3 1 0 2
3 3 1 2
3 5 0 4
3 2 0 5
3 4 2 5
3 6 2 4
3 3 2 6
3 3 6 4
3 4 0 3
3 1 3 0
11 18
1.000000 0.216145 0.725589
0.828527 0.509320 0.299898
1.000000 0.839899 0.415737
1.000000 0.000000 0.000000
0.821149 0.540939 0.542468
0.792404 0.683229 0.395612
0.871309 0.790161 0.554580
0.778992 0.164047 0.284021
0.716599 0.367476 0.407382
0.797893 0.312749 0.663041
0.759084 0.104331 0.180280
3 0 4 1
3 4 5 1
3 2 1 5
3 5 4 6
3 2 5 6
3 2 6 4
3 0 2 4
3 3 1 2
3 3 2 0
3 8 0 1
3 1 7 8
3 9 7 0
3 8 9 0
3 9 8 7
3 7 1 10
3 3 7 10
3 3 10 1
3 7 3 0
