0 0.00372302
1 0.00134287
2 0.00107956
3 0
4 0.000506368
5 0.00470322
6 0.00431105
7 0.000223075
8 0.000252074
9 0
10 0.00142908
11 0.00347064
12 0
13 0.004111
14 0.00638459
15 0.00948753
16 0.00119704
17 0.00160786
18 0.0014571
19 0.000115455
20 0.00567666
21 9.7108e-15
22 0.00387543
23 0.00541885
24 0.00271733
25 0.00288146
26 0.00074145
27 0.00367378
28 0.0023715
29 0.00146884
30 0.00241585
31 0
32 0
33 9.20827e-05
34 0.00504865
35 0.00664016
36 0.00131404
37 0.00139131
38 0.00172809
39 0.000485736
40 0.00349241
41 0.00454556
42 0.0011557
43 0.00451266
44 0.000769586
45 0.000200645
46 0.00012006
47 0.0025865
48 0
49 0.00262076
50 0.000424752
51 0.00357817
52 0.00271377
53 0.00448862
54 0.000733944
55 0.00212957
56 0
57 0.00217701
58 0.0011463
59 0.00133027
60 0.00423672
61 0.00538589
62 0.00335674
63 0
64 0
65 0.00239371
66 8.65511e-05
67 0.00284095
68 0.00685535
69 0.00217535
70 0.00641548
71 0.00231778
72 0.00330095
73 0.00207292
74 0.000970493
75 0.00540289
76 0.00402733
77 0.00290471
78 0.000458533
79 0.00123595
80 0
81 0.000170063
82 0.00438297
83 0.000700192
84 0.00168327
85 0
86 0.00702667
87 0
88 0.00343113
89 0
90 0.00022536
91 0.0141517
92 0.00014
93 0.00105421
94 0.00414379
95 0.0109298
96 0.0014416
97 0
98 0.000599099
99 0.000282445
100 0.00185352
101 0.00384672
102 0.00796159
103 0.00207287
104 0.00482038
105 0.00320367
106 0.00104347
107 0.000796557
108 0.0059682
109 0.000740517
110 0.000683859
111 0.00253558
112 7.27749e-05
113 0.00373934
114 0.00822986
115 6.08527e-05
116 0.00431794
117 0.000330994
118 0
119 0.00210196
120 0.00777097
121 0.00179199
122 0.00552103
123 0.00036862
124 0.00439853
125 0
126 0.0146935
127 0.0112428
1122109216128
