21
4 4
0.228043 0.578227 0.897938
0.000000 1.000000 1.000000
0.000000 0.000000 1.000000
1.000000 0.470850 1.000000
3 3 1 2
3 3 2 0
3 1 3 0
3 1 0 2
5 6
0.228043 0.578227 0.897938
0.000000 0.000000 1.000000
1.000000 0.000000 1.000000
1.000000 0.408690 1.000000
0.532784 0.000000 0.683714
3 3 1 2
3 3 2 0
3 1 3 0
3 4 0 2
3 4 2 1
3 0 4 1
5 6
0.000000 0.358417 0.270531
0.228995 0.480205 0.304491
0.000000 1.000000 0.000000
0.000000 1.000000 1.000000
0.000000 0.257242 0.161224
3 2 4 0
3 4 2 1
3 4 1 0
3 0 1 3
3 3 1 2
3 3 2 0
4 4
0.228043 0.578227 0.897938
0.000000 1.000000 1.000000
1.000000 0.470850 1.000000
1.000000 1.000000 1.000000
3 1 0 2
3 0 3 2
3 1 3 0
3 3 1 2
7 10
0.228043 0.578227 0.897938
0.000000 1.000000 1.000000
1.000000 1.000000 1.000000
0.658798 0.717307 0.249504
0.000000 1.000000 0.000000
0.228995 0.480205 0.304491
1.000000 0.538771 0.000000
3 3 2 0
3 4 2 3
3 1 4 5
3 3 1 5
3 3 6 4
3 6 3 5
3 5 4 6
3 4 1 2
3 1 3 0
3 1 0 2
10 16
0.228043 0.578227 0.897938
0.228995 0.480205 0.304491
0.000000 1.000000 1.000000
0.658798 0.717307 0.249504
0.814476 0.334063 0.366655
1.000000 0.470850 1.000000
1.000000 1.000000 1.000000
0.791639 0.146204 0.704092
1.000000 0.408690 1.000000
0.000000 0.000000 1.000000
3 2 1 0
3 2 0 3
3 3 1 2
3 4 1 3
3 3 0 6
3 3 6 5
3 0 5 6
3 3 5 4
3 5 0 9
3 9 0 8
3 8 5 9
3 8 0 7
3 7 5 8
3 5 7 4
3 4 7 0
3 1 4 0
4 4
0.000000 0.358417 0.270531
0.228043 0.578227 0.897938
0.000000 1.000000 1.000000
0.000000 0.000000 1.000000
3 2 3 1
3 2 1 0
3 3 2 0
3 1 3 0
5 6
1.000000 0.408690 1.000000
1.000000 0.000000 1.000000
0.791639 0.146204 0.704092
1.000000 0.343271 0.408064
0.532784 0.000000 0.683714
3 3 1 2
3 3 2 0
3 1 3 0
3 4 1 0
3 4 2 1
3 2 4 0
5 6
1.000000 0.000000 1.000000
0.228043 0.578227 0.897938
1.000000 0.408690 1.000000
0.532784 0.000000 0.683714
0.791639 0.146204 0.704092
3 2 1 0
3 3 0 1
3 4 2 3
3 4 3 1
3 2 4 1
3 3 2 0
6 8
0.000000 0.358417 0.270531
0.228995 0.480205 0.304491
0.228043 0.578227 0.897938
0.532784 0.000000 0.683714
0.000000 1.000000 1.000000
0.000000 0.000000 1.000000
3 4 0 2
3 4 2 1
3 0 4 1
3 3 0 1
3 2 0 5
3 2 5 3
3 3 5 0
3 3 1 2
6 8
0.000000 0.257242 0.161224
0.228995 0.480205 0.304491
0.000000 0.358417 0.270531
0.532784 0.000000 0.683714
0.000000 0.000000 1.000000
0.000000 0.000000 0.000000
3 0 2 1
3 0 1 3
3 3 1 2
3 3 5 0
3 3 4 5
3 0 5 4
3 3 2 4
3 2 0 4
5 6
1.000000 0.000000 1.000000
0.532784 0.000000 0.683714
0.791639 0.146204 0.704092
1.000000 0.000000 0.000000
0.814476 0.334063 0.366655
3 4 2 3
3 4 3 1
3 2 4 1
3 3 2 0
3 1 3 0
3 1 0 2
7 10
1.000000 1.000000 0.000000
0.000000 1.000000 0.000000
1.000000 0.538771 0.000000
0.658798 0.717307 0.249504
1.000000 0.343271 0.408064
0.814476 0.334063 0.366655
0.228995 0.480205 0.304491
3 3 1 2
3 5 2 4
3 5 4 3
3 6 2 5
3 5 3 6
3 2 6 3
3 4 0 3
3 0 4 2
3 1 3 0
3 1 0 2
5 6
0.228995 0.480205 0.304491
0.228043 0.578227 0.897938
0.532784 0.000000 0.683714
0.791639 0.146204 0.704092
0.814476 0.334063 0.366655
3 2 1 0
3 3 1 2
3 3 2 0
3 4 3 0
3 0 1 4
3 4 1 3
4 4
0.000000 0.257242 0.161224
0.228995 0.480205 0.304491
0.000000 0.000000 0.000000
1.000000 0.538771 0.000000
3 0 2 1
3 2 0 3
3 0 1 3
3 3 1 2
5 6
0.228995 0.480205 0.304491
0.000000 0.257242 0.161224
0.000000 1.000000 0.000000
1.000000 0.538771 0.000000
0.000000 0.000000 0.000000
3 1 0 2
3 0 3 2
3 3 4 2
3 4 3 1
3 4 1 2
3 1 3 0
5 6
0.228995 0.480205 0.304491
0.000000 0.000000 0.000000
1.000000 0.000000 0.000000
0.814476 0.334063 0.366655
1.000000 0.538771 0.000000
3 0 1 3
3 3 2 0
3 0 2 4
3 4 1 0
3 2 1 4
3 3 1 2
7 10
1.000000 0.538771 0.000000
0.228995 0.480205 0.304491
1.000000 0.000000 0.000000
0.814476 0.334063 0.366655
1.000000 0.343271 0.408064
0.791639 0.146204 0.704092
1.000000 0.000000 1.000000
3 3 1 2
3 3 4 0
3 3 2 5
3 4 5 6
3 2 6 5
3 2 4 6
3 4 3 5
3 0 4 2
3 1 3 0
3 1 0 2
6 8
1.000000 0.470850 1.000000
1.000000 0.408690 1.000000
0.791639 0.146204 0.704092
1.000000 0.343271 0.408064
0.814476 0.334063 0.366655
0.658798 0.717307 0.249504
3 3 1 2
3 2 1 0
3 3 2 4
3 4 5 3
3 3 5 0
3 5 4 0
3 0 4 2
3 1 3 0
7 10
0.000000 0.000000 0.000000
0.532784 0.000000 0.683714
1.000000 0.000000 0.000000
0.814476 0.334063 0.366655
0.228995 0.480205 0.304491
0.791639 0.146204 0.704092
0.000000 0.257242 0.161224
3 5 1 3
3 5 4 1
3 3 4 5
3 4 3 0
3 1 6 0
3 6 1 4
3 6 4 0
3 3 1 2
3 3 2 0
3 1 0 2
6 8
1.000000 1.000000 0.000000
1.000000 1.000000 1.000000
0.658798 0.717307 0.249504
1.000000 0.343271 0.408064
0.000000 1.000000 0.000000
1.000000 0.470850 1.000000
3 4 0 2
3 4 2 1
3 4 1 0
3 2 5 1
3 3 5 2
3 5 3 1
3 3 2 0
3 1 3 0
